FID IID BAPS_1 BAPS_2 BAPS_3 BAPS_4 BAPS_5 BAPS_6 BAPS_7 BAPS_8 BAPS_9 BAPS_10
307048_H08_hpgen5583812 307048_H08_hpgen5583812 1 0 0 0 0 0 0 0 0 0
307047_G05_hpgen5583690 307047_G05_hpgen5583690 1 0 0 0 0 0 0 0 0 0
307049_A09_hpgen5583912 307049_A09_hpgen5583912 1 0 0 0 0 0 0 0 0 0
307050_F01_hpgen5583950 307050_F01_hpgen5583950 1 0 0 0 0 0 0 0 0 0
307049_G01_hpgen5583853 307049_G01_hpgen5583853 1 0 0 0 0 0 0 0 0 0
307047_B11_hpgen5583733 307047_B11_hpgen5583733 1 0 0 0 0 0 0 0 0 0
307047_G11_hpgen5583738 307047_G11_hpgen5583738 1 0 0 0 0 0 0 0 0 0
307045_D07_hpgen5583506 307045_D07_hpgen5583506 1 0 0 0 0 0 0 0 0 0
307050_H05_hpgen5583984 307050_H05_hpgen5583984 1 0 0 0 0 0 0 0 0 0
307052_A07_hpgen5584223 307052_A07_hpgen5584223 1 0 0 0 0 0 0 0 0 0
307047_C12_hpgen5583743 307047_C12_hpgen5583743 1 0 0 0 0 0 0 0 0 0
307047_D04_hpgen5583679 307047_D04_hpgen5583679 1 0 0 0 0 0 0 0 0 0
307048_F07_hpgen5583802 307048_F07_hpgen5583802 1 0 0 0 0 0 0 0 0 0
307046_D02_hpgen5583566 307046_D02_hpgen5583566 1 0 0 0 0 0 0 0 0 0
307047_C10_hpgen5583726 307047_C10_hpgen5583726 1 0 0 0 0 0 0 0 0 0
307047_D11_hpgen5583735 307047_D11_hpgen5583735 1 0 0 0 0 0 0 0 0 0
307049_C05_hpgen5583881 307049_C05_hpgen5583881 1 0 0 0 0 0 0 0 0 0
307045_G11_hpgen5583543 307045_G11_hpgen5583543 0 1 0 0 0 0 0 0 0 0
307046_F02_hpgen5583568 307046_F02_hpgen5583568 0 1 0 0 0 0 0 0 0 0
307046_F09_hpgen5583624 307046_F09_hpgen5583624 0 1 0 0 0 0 0 0 0 0
307046_G09_hpgen5583625 307046_G09_hpgen5583625 0 1 0 0 0 0 0 0 0 0
307048_E01_hpgen5583753 307048_E01_hpgen5583753 0 1 0 0 0 0 0 0 0 0
307045_H02_hpgen5583469 307045_H02_hpgen5583469 0 1 0 0 0 0 0 0 0 0
307046_B07_hpgen5583604 307046_B07_hpgen5583604 0 1 0 0 0 0 0 0 0 0
307046_G08_hpgen5583617 307046_G08_hpgen5583617 0 1 0 0 0 0 0 0 0 0
307048_E09_hpgen5583817 307048_E09_hpgen5583817 0 1 0 0 0 0 0 0 0 0
307048_G11_hpgen5583836 307048_G11_hpgen5583836 0 1 0 0 0 0 0 0 0 0
307045_G12_hpgen5583552 307045_G12_hpgen5583552 0 1 0 0 0 0 0 0 0 0
307046_D08_hpgen5583614 307046_D08_hpgen5583614 0 1 0 0 0 0 0 0 0 0
307045_A05_hpgen5583487 307045_A05_hpgen5583487 0 1 0 0 0 0 0 0 0 0
307046_H10_hpgen5583634 307046_H10_hpgen5583634 0 1 0 0 0 0 0 0 0 0
307049_F03_hpgen5583868 307049_F03_hpgen5583868 0 1 0 0 0 0 0 0 0 0
307047_D02_hpgen5583663 307047_D02_hpgen5583663 0 1 0 0 0 0 0 0 0 0
307045_F10_hpgen5583533 307045_F10_hpgen5583533 0 1 0 0 0 0 0 0 0 0
307045_A01_hpgen5583454 307045_A01_hpgen5583454 0 1 0 0 0 0 0 0 0 0
307045_H11_hpgen5583544 307045_H11_hpgen5583544 0 1 0 0 0 0 0 0 0 0
307045_E09_hpgen5583524 307045_E09_hpgen5583524 0 1 0 0 0 0 0 0 0 0
307046_E10_hpgen5583631 307046_E10_hpgen5583631 0 1 0 0 0 0 0 0 0 0
307048_F03_hpgen5583770 307048_F03_hpgen5583770 0 1 0 0 0 0 0 0 0 0
307048_B02_hpgen5583758 307048_B02_hpgen5583758 0 1 0 0 0 0 0 0 0 0
307048_G09_hpgen5583819 307048_G09_hpgen5583819 0 1 0 0 0 0 0 0 0 0
307046_F01_hpgen5583560 307046_F01_hpgen5583560 0 1 0 0 0 0 0 0 0 0
307049_E09_hpgen5583916 307049_E09_hpgen5583916 0 1 0 0 0 0 0 0 0 0
307048_H11_hpgen5583838 307048_H11_hpgen5583838 0 1 0 0 0 0 0 0 0 0
307045_A08_hpgen5583511 307045_A08_hpgen5583511 0 1 0 0 0 0 0 0 0 0
307046_H12_hpgen5583651 307046_H12_hpgen5583651 0 1 0 0 0 0 0 0 0 0
307048_G07_hpgen5583803 307048_G07_hpgen5583803 0 1 0 0 0 0 0 0 0 0
307049_F05_hpgen5583884 307049_F05_hpgen5583884 0 1 0 0 0 0 0 0 0 0
307046_B05_hpgen5583588 307046_B05_hpgen5583588 0 1 0 0 0 0 0 0 0 0
307048_C06_hpgen5583791 307048_C06_hpgen5583791 0 1 0 0 0 0 0 0 0 0
307048_H12_hpgen5583846 307048_H12_hpgen5583846 0 1 0 0 0 0 0 0 0 0
307047_B03_hpgen5583669 307047_B03_hpgen5583669 0 1 0 0 0 0 0 0 0 0
307048_A04_hpgen5583773 307048_A04_hpgen5583773 0 1 0 0 0 0 0 0 0 0
307045_E08_hpgen5583515 307045_E08_hpgen5583515 0 1 0 0 0 0 0 0 0 0
307047_B01_hpgen5583653 307047_B01_hpgen5583653 0 1 0 0 0 0 0 0 0 0
307049_A02_hpgen5583855 307049_A02_hpgen5583855 0 1 0 0 0 0 0 0 0 0
307046_H08_hpgen5583618 307046_H08_hpgen5583618 0 1 0 0 0 0 0 0 0 0
307045_H09_hpgen5583527 307045_H09_hpgen5583527 0 1 0 0 0 0 0 0 0 0
307049_B05_hpgen5583880 307049_B05_hpgen5583880 0 1 0 0 0 0 0 0 0 0
307047_D07_hpgen5583703 307047_D07_hpgen5583703 0 1 0 0 0 0 0 0 0 0
307046_A04_hpgen5583579 307046_A04_hpgen5583579 0 1 0 0 0 0 0 0 0 0
307048_A11_hpgen5583829 307048_A11_hpgen5583829 0 1 0 0 0 0 0 0 0 0
307049_H04_hpgen5583878 307049_H04_hpgen5583878 0 1 0 0 0 0 0 0 0 0
307045_E11_hpgen5583541 307045_E11_hpgen5583541 0 1 0 0 0 0 0 0 0 0
307049_A04_hpgen5583871 307049_A04_hpgen5583871 0 1 0 0 0 0 0 0 0 0
307047_D05_hpgen5583687 307047_D05_hpgen5583687 0 1 0 0 0 0 0 0 0 0
307047_C03_hpgen5583670 307047_C03_hpgen5583670 0 1 0 0 0 0 0 0 0 0
307048_D04_hpgen5583776 307048_D04_hpgen5583776 0 1 0 0 0 0 0 0 0 0
307050_C09_hpgen5584011 307050_C09_hpgen5584011 0 1 0 0 0 0 0 0 0 0
307050_F10_hpgen5584022 307050_F10_hpgen5584022 0 1 0 0 0 0 0 0 0 0
307050_H08_hpgen5584008 307050_H08_hpgen5584008 0 1 0 0 0 0 0 0 0 0
307051_E06_hpgen5584087 307051_E06_hpgen5584087 0 1 0 0 0 0 0 0 0 0
307050_H02_hpgen5583960 307050_H02_hpgen5583960 0 1 0 0 0 0 0 0 0 0
307050_C08_hpgen5584003 307050_C08_hpgen5584003 0 1 0 0 0 0 0 0 0 0
307050_E12_hpgen5584038 307050_E12_hpgen5584038 0 1 0 0 0 0 0 0 0 0
307051_E02_hpgen5584054 307051_E02_hpgen5584054 0 1 0 0 0 0 0 0 0 0
307051_D04_hpgen5584070 307051_D04_hpgen5584070 0 1 0 0 0 0 0 0 0 0
307052_D03_hpgen5584176 307052_D03_hpgen5584176 0 1 0 0 0 0 0 0 0 0
307052_F05_hpgen5584206 307052_F05_hpgen5584206 0 1 0 0 0 0 0 0 0 0
307051_F11_hpgen5584129 307051_F11_hpgen5584129 0 1 0 0 0 0 0 0 0 0
307051_C12_hpgen5584136 307051_C12_hpgen5584136 0 1 0 0 0 0 0 0 0 0
307052_H05_hpgen5584208 307052_H05_hpgen5584208 0 1 0 0 0 0 0 0 0 0
307052_G04_hpgen5584193 307052_G04_hpgen5584193 0 1 0 0 0 0 0 0 0 0
307051_E12_hpgen5584138 307051_E12_hpgen5584138 0 1 0 0 0 0 0 0 0 0
307052_G11_hpgen5584262 307052_G11_hpgen5584262 0 1 0 0 0 0 0 0 0 0
307051_H11_hpgen5584131 307051_H11_hpgen5584131 0 1 0 0 0 0 0 0 0 0
307052_H08_hpgen5584238 307052_H08_hpgen5584238 0 1 0 0 0 0 0 0 0 0
307052_H11_hpgen5584263 307052_H11_hpgen5584263 0 1 0 0 0 0 0 0 0 0
307052_H12_hpgen5584271 307052_H12_hpgen5584271 0 1 0 0 0 0 0 0 0 0
307053_H01_hpgen5584279 307053_H01_hpgen5584279 0 1 0 0 0 0 0 0 0 0
307052_E08_hpgen5584235 307052_E08_hpgen5584235 0 1 0 0 0 0 0 0 0 0
307052_C11_hpgen5584258 307052_C11_hpgen5584258 0 1 0 0 0 0 0 0 0 0
307052_E12_hpgen5584268 307052_E12_hpgen5584268 0 1 0 0 0 0 0 0 0 0
307053_E01_hpgen5584276 307053_E01_hpgen5584276 0 1 0 0 0 0 0 0 0 0
307052_B09_hpgen5584240 307052_B09_hpgen5584240 0 1 0 0 0 0 0 0 0 0
307050_D11_hpgen5584028 307050_D11_hpgen5584028 0 1 0 0 0 0 0 0 0 0
307050_H06_hpgen5583992 307050_H06_hpgen5583992 0 1 0 0 0 0 0 0 0 0
307051_E03_hpgen5584063 307051_E03_hpgen5584063 0 1 0 0 0 0 0 0 0 0
307050_G07_hpgen5583999 307050_G07_hpgen5583999 0 1 0 0 0 0 0 0 0 0
307050_A06_hpgen5583985 307050_A06_hpgen5583985 0 1 0 0 0 0 0 0 0 0
307050_G05_hpgen5583983 307050_G05_hpgen5583983 0 1 0 0 0 0 0 0 0 0
307050_D08_hpgen5584004 307050_D08_hpgen5584004 0 1 0 0 0 0 0 0 0 0
307051_G09_hpgen5584113 307051_G09_hpgen5584113 0 1 0 0 0 0 0 0 0 0
307051_A02_hpgen5584050 307051_A02_hpgen5584050 0 1 0 0 0 0 0 0 0 0
307050_C12_hpgen5584036 307050_C12_hpgen5584036 0 1 0 0 0 0 0 0 0 0
307051_A04_hpgen5584067 307051_A04_hpgen5584067 0 1 0 0 0 0 0 0 0 0
307051_A09_hpgen5584107 307051_A09_hpgen5584107 0 1 0 0 0 0 0 0 0 0
307051_A07_hpgen5584091 307051_A07_hpgen5584091 0 1 0 0 0 0 0 0 0 0
307049_G11_hpgen5583935 307049_G11_hpgen5583935 0 1 0 0 0 0 0 0 0 0
307050_B08_hpgen5584002 307050_B08_hpgen5584002 0 1 0 0 0 0 0 0 0 0
307052_E06_hpgen5584216 307052_E06_hpgen5584216 0 1 0 0 0 0 0 0 0 0
307053_A04_hpgen5584296 307053_A04_hpgen5584296 0 1 0 0 0 0 0 0 0 0
307052_A12_hpgen5584264 307052_A12_hpgen5584264 0 1 0 0 0 0 0 0 0 0
307045_C02_hpgen5583464 307045_C02_hpgen5583464 0 1 0 0 0 0 0 0 0 0
307047_F10_hpgen5583729 307047_F10_hpgen5583729 0 1 0 0 0 0 0 0 0 0
307046_G05_hpgen5583593 307046_G05_hpgen5583593 0 1 0 0 0 0 0 0 0 0
307049_C09_hpgen5583914 307049_C09_hpgen5583914 0 1 0 0 0 0 0 0 0 0
307049_D10_hpgen5583923 307049_D10_hpgen5583923 0 1 0 0 0 0 0 0 0 0
307046_H04_hpgen5583586 307046_H04_hpgen5583586 0 1 0 0 0 0 0 0 0 0
307046_A01_hpgen5583554 307046_A01_hpgen5583554 0 1 0 0 0 0 0 0 0 0
307047_H12_hpgen5583748 307047_H12_hpgen5583748 0 1 0 0 0 0 0 0 0 0
307048_C08_hpgen5583807 307048_C08_hpgen5583807 0 1 0 0 0 0 0 0 0 0
307049_G02_hpgen5583861 307049_G02_hpgen5583861 0 1 0 0 0 0 0 0 0 0
307049_A07_hpgen5583896 307049_A07_hpgen5583896 0 1 0 0 0 0 0 0 0 0
307048_C01_hpgen5583751 307048_C01_hpgen5583751 0 1 0 0 0 0 0 0 0 0
307046_C06_hpgen5583597 307046_C06_hpgen5583597 0 1 0 0 0 0 0 0 0 0
307046_C10_hpgen5583629 307046_C10_hpgen5583629 0 1 0 0 0 0 0 0 0 0
307050_D10_hpgen5584020 307050_D10_hpgen5584020 0 1 0 0 0 0 0 0 0 0
307047_E10_hpgen5583728 307047_E10_hpgen5583728 0 1 0 0 0 0 0 0 0 0
307045_B11_hpgen5583538 307045_B11_hpgen5583538 0 1 0 0 0 0 0 0 0 0
307046_B04_hpgen5583580 307046_B04_hpgen5583580 0 1 0 0 0 0 0 0 0 0
307047_G09_hpgen5583722 307047_G09_hpgen5583722 0 1 0 0 0 0 0 0 0 0
307048_B12_hpgen5583840 307048_B12_hpgen5583840 0 1 0 0 0 0 0 0 0 0
307049_E10_hpgen5583924 307049_E10_hpgen5583924 0 1 0 0 0 0 0 0 0 0
307048_A03_hpgen5583765 307048_A03_hpgen5583765 0 1 0 0 0 0 0 0 0 0
307051_E04_hpgen5584071 307051_E04_hpgen5584071 0 1 0 0 0 0 0 0 0 0
307052_C01_hpgen5584150 307052_C01_hpgen5584150 0 1 0 0 0 0 0 0 0 0
307052_B06_hpgen5584210 307052_B06_hpgen5584210 0 1 0 0 0 0 0 0 0 0
307049_D12_hpgen5583940 307049_D12_hpgen5583940 0 1 0 0 0 0 0 0 0 0
307050_D04_hpgen5583972 307050_D04_hpgen5583972 0 1 0 0 0 0 0 0 0 0
307048_A09_hpgen5583813 307048_A09_hpgen5583813 0 1 0 0 0 0 0 0 0 0
307047_E11_hpgen5583736 307047_E11_hpgen5583736 0 1 0 0 0 0 0 0 0 0
307049_A06_hpgen5583888 307049_A06_hpgen5583888 0 1 0 0 0 0 0 0 0 0
307045_A02_hpgen5583462 307045_A02_hpgen5583462 0 1 0 0 0 0 0 0 0 0
307052_E01_hpgen5584152 307052_E01_hpgen5584152 0 1 0 0 0 0 0 0 0 0
307052_D02_hpgen5584162 307052_D02_hpgen5584162 0 1 0 0 0 0 0 0 0 0
307053_G04_hpgen5584302 307053_G04_hpgen5584302 0 1 0 0 0 0 0 0 0 0
307054_C01_hpgen5584374 307054_C01_hpgen5584374 0 1 0 0 0 0 0 0 0 0
307053_E07_hpgen5584326 307053_E07_hpgen5584326 0 1 0 0 0 0 0 0 0 0
307050_D02_hpgen5583956 307050_D02_hpgen5583956 0 1 0 0 0 0 0 0 0 0
307045_F04_hpgen5583484 307045_F04_hpgen5583484 0 1 0 0 0 0 0 0 0 0
307046_E05_hpgen5583591 307046_E05_hpgen5583591 0 1 0 0 0 0 0 0 0 0
307047_C05_hpgen5583686 307047_C05_hpgen5583686 0 1 0 0 0 0 0 0 0 0
307049_A01_hpgen5583847 307049_A01_hpgen5583847 0 1 0 0 0 0 0 0 0 0
307048_D07_hpgen5583800 307048_D07_hpgen5583800 0 1 0 0 0 0 0 0 0 0
307049_F09_hpgen5583917 307049_F09_hpgen5583917 0 1 0 0 0 0 0 0 0 0
307046_C03_hpgen5583573 307046_C03_hpgen5583573 0 1 0 0 0 0 0 0 0 0
307048_E06_hpgen5583793 307048_E06_hpgen5583793 0 1 0 0 0 0 0 0 0 0
307046_F08_hpgen5583616 307046_F08_hpgen5583616 0 1 0 0 0 0 0 0 0 0
307045_G10_hpgen5583535 307045_G10_hpgen5583535 0 1 0 0 0 0 0 0 0 0
307047_E03_hpgen5583672 307047_E03_hpgen5583672 0 1 0 0 0 0 0 0 0 0
307050_C11_hpgen5584027 307050_C11_hpgen5584027 0 1 0 0 0 0 0 0 0 0
307048_D02_hpgen5583760 307048_D02_hpgen5583760 0 0 1 0 0 0 0 0 0 0
307047_A09_hpgen5583716 307047_A09_hpgen5583716 0 0 1 0 0 0 0 0 0 0
307048_F04_hpgen5583778 307048_F04_hpgen5583778 0 0 1 0 0 0 0 0 0 0
307046_D12_hpgen5583647 307046_D12_hpgen5583647 0 0 1 0 0 0 0 0 0 0
307048_C10_hpgen5583823 307048_C10_hpgen5583823 0 0 1 0 0 0 0 0 0 0
307045_B02_hpgen5583463 307045_B02_hpgen5583463 0 0 1 0 0 0 0 0 0 0
307049_H05_hpgen5583887 307049_H05_hpgen5583887 0 0 1 0 0 0 0 0 0 0
307045_H10_hpgen5583536 307045_H10_hpgen5583536 0 0 1 0 0 0 0 0 0 0
307048_F01_hpgen5583754 307048_F01_hpgen5583754 0 0 1 0 0 0 0 0 0 0
307048_F06_hpgen5583794 307048_F06_hpgen5583794 0 0 1 0 0 0 0 0 0 0
307049_F11_hpgen5583934 307049_F11_hpgen5583934 0 0 1 0 0 0 0 0 0 0
307049_G06_hpgen5583894 307049_G06_hpgen5583894 0 0 1 0 0 0 0 0 0 0
307048_D12_hpgen5583842 307048_D12_hpgen5583842 0 0 1 0 0 0 0 0 0 0
307047_E02_hpgen5583664 307047_E02_hpgen5583664 0 0 1 0 0 0 0 0 0 0
307051_D10_hpgen5584118 307051_D10_hpgen5584118 0 0 1 0 0 0 0 0 0 0
307049_C12_hpgen5583939 307049_C12_hpgen5583939 0 0 1 0 0 0 0 0 0 0
307051_A12_hpgen5584134 307051_A12_hpgen5584134 0 0 1 0 0 0 0 0 0 0
307052_F04_hpgen5584192 307052_F04_hpgen5584192 0 0 1 0 0 0 0 0 0 0
307052_A11_hpgen5584255 307052_A11_hpgen5584255 0 0 1 0 0 0 0 0 0 0
307052_E09_hpgen5584243 307052_E09_hpgen5584243 0 0 1 0 0 0 0 0 0 0
307053_A01_hpgen5584272 307053_A01_hpgen5584272 0 0 1 0 0 0 0 0 0 0
307052_C07_hpgen5584225 307052_C07_hpgen5584225 0 0 1 0 0 0 0 0 0 0
307045_H12_hpgen5583553 307045_H12_hpgen5583553 0 0 1 0 0 0 0 0 0 0
307047_A05_hpgen5583684 307047_A05_hpgen5583684 0 0 1 0 0 0 0 0 0 0
307050_C02_hpgen5583955 307050_C02_hpgen5583955 0 0 1 0 0 0 0 0 0 0
307046_G07_hpgen5583609 307046_G07_hpgen5583609 0 0 1 0 0 0 0 0 0 0
307045_F07_hpgen5583508 307045_F07_hpgen5583508 0 0 1 0 0 0 0 0 0 0
307045_B09_hpgen5583521 307045_B09_hpgen5583521 0 0 1 0 0 0 0 0 0 0
307049_F04_hpgen5583876 307049_F04_hpgen5583876 0 0 1 0 0 0 0 0 0 0
307050_B06_hpgen5583986 307050_B06_hpgen5583986 0 0 1 0 0 0 0 0 0 0
307051_H09_hpgen5584114 307051_H09_hpgen5584114 0 0 1 0 0 0 0 0 0 0
307048_H09_hpgen5583820 307048_H09_hpgen5583820 0 0 1 0 0 0 0 0 0 0
307050_A11_hpgen5584025 307050_A11_hpgen5584025 0 0 1 0 0 0 0 0 0 0
307047_H02_hpgen5583667 307047_H02_hpgen5583667 0 0 1 0 0 0 0 0 0 0
307048_D06_hpgen5583792 307048_D06_hpgen5583792 0 0 1 0 0 0 0 0 0 0
307045_D06_hpgen5583498 307045_D06_hpgen5583498 0 0 1 0 0 0 0 0 0 0
307047_F02_hpgen5583665 307047_F02_hpgen5583665 0 0 1 0 0 0 0 0 0 0
307047_F08_hpgen5583713 307047_F08_hpgen5583713 0 0 1 0 0 0 0 0 0 0
307050_A08_hpgen5584001 307050_A08_hpgen5584001 0 0 1 0 0 0 0 0 0 0
307052_E04_hpgen5584191 307052_E04_hpgen5584191 0 0 1 0 0 0 0 0 0 0
307052_G05_hpgen5584207 307052_G05_hpgen5584207 0 0 1 0 0 0 0 0 0 0
307053_D01_hpgen5584275 307053_D01_hpgen5584275 0 0 1 0 0 0 0 0 0 0
307047_C06_hpgen5583694 307047_C06_hpgen5583694 0 0 1 0 0 0 0 0 0 0
307049_E08_hpgen5583908 307049_E08_hpgen5583908 0 0 1 0 0 0 0 0 0 0
307047_H09_hpgen5583723 307047_H09_hpgen5583723 0 0 1 0 0 0 0 0 0 0
307049_F01_hpgen5583852 307049_F01_hpgen5583852 0 0 1 0 0 0 0 0 0 0
307049_E11_hpgen5583932 307049_E11_hpgen5583932 0 0 1 0 0 0 0 0 0 0
307050_D07_hpgen5583996 307050_D07_hpgen5583996 0 0 1 0 0 0 0 0 0 0
307051_B06_hpgen5584084 307051_B06_hpgen5584084 0 0 1 0 0 0 0 0 0 0
307048_D10_hpgen5583824 307048_D10_hpgen5583824 0 0 0 1 0 0 0 0 0 0
307047_A08_hpgen5583708 307047_A08_hpgen5583708 0 0 0 1 0 0 0 0 0 0
307045_F06_hpgen5583500 307045_F06_hpgen5583500 0 0 0 1 0 0 0 0 0 0
307050_F04_hpgen5583974 307050_F04_hpgen5583974 0 0 0 1 0 0 0 0 0 0
307047_B08_hpgen5583709 307047_B08_hpgen5583709 0 0 0 1 0 0 0 0 0 0
307045_C06_hpgen5583497 307045_C06_hpgen5583497 0 0 0 1 0 0 0 0 0 0
307052_E02_hpgen5584166 307052_E02_hpgen5584166 0 0 0 1 0 0 0 0 0 0
307052_H09_hpgen5584246 307052_H09_hpgen5584246 0 0 0 1 0 0 0 0 0 0
307053_B02_hpgen5584281 307053_B02_hpgen5584281 0 0 0 1 0 0 0 0 0 0
307052_E11_hpgen5584260 307052_E11_hpgen5584260 0 0 0 1 0 0 0 0 0 0
307052_G10_hpgen5584253 307052_G10_hpgen5584253 0 0 0 1 0 0 0 0 0 0
307050_D03_hpgen5583964 307050_D03_hpgen5583964 0 0 0 1 0 0 0 0 0 0
307051_G06_hpgen5584089 307051_G06_hpgen5584089 0 0 0 1 0 0 0 0 0 0
307048_H03_hpgen5583772 307048_H03_hpgen5583772 0 0 0 1 0 0 0 0 0 0
307046_C02_hpgen5583565 307046_C02_hpgen5583565 0 0 0 1 0 0 0 0 0 0
307049_D08_hpgen5583907 307049_D08_hpgen5583907 0 0 0 1 0 0 0 0 0 0
307046_C12_hpgen5583646 307046_C12_hpgen5583646 0 0 0 1 0 0 0 0 0 0
307050_A07_hpgen5583993 307050_A07_hpgen5583993 0 0 0 1 0 0 0 0 0 0
307051_D08_hpgen5584102 307051_D08_hpgen5584102 0 0 0 1 0 0 0 0 0 0
307048_B04_hpgen5583774 307048_B04_hpgen5583774 0 0 0 1 0 0 0 0 0 0
307048_E04_hpgen5583777 307048_E04_hpgen5583777 0 0 0 1 0 0 0 0 0 0
307049_B01_hpgen5583848 307049_B01_hpgen5583848 0 0 0 1 0 0 0 0 0 0
307045_G04_hpgen5583485 307045_G04_hpgen5583485 0 0 0 0 1 0 0 0 0 0
307048_E07_hpgen5583801 307048_E07_hpgen5583801 0 0 0 0 1 0 0 0 0 0
307047_F11_hpgen5583737 307047_F11_hpgen5583737 0 0 0 0 1 0 0 0 0 0
307049_A03_hpgen5583863 307049_A03_hpgen5583863 0 0 0 0 1 0 0 0 0 0
307048_E05_hpgen5583785 307048_E05_hpgen5583785 0 0 0 0 1 0 0 0 0 0
307047_B10_hpgen5583725 307047_B10_hpgen5583725 0 0 0 0 1 0 0 0 0 0
307048_B06_hpgen5583790 307048_B06_hpgen5583790 0 0 0 0 1 0 0 0 0 0
307049_H07_hpgen5583903 307049_H07_hpgen5583903 0 0 0 0 1 0 0 0 0 0
307046_E11_hpgen5583639 307046_E11_hpgen5583639 0 0 0 0 1 0 0 0 0 0
307048_E03_hpgen5583769 307048_E03_hpgen5583769 0 0 0 0 1 0 0 0 0 0
307050_C04_hpgen5583971 307050_C04_hpgen5583971 0 0 0 0 1 0 0 0 0 0
307050_H07_hpgen5584000 307050_H07_hpgen5584000 0 0 0 0 1 0 0 0 0 0
307050_E07_hpgen5583997 307050_E07_hpgen5583997 0 0 0 0 1 0 0 0 0 0
307050_C03_hpgen5583963 307050_C03_hpgen5583963 0 0 0 0 1 0 0 0 0 0
307053_F04_hpgen5584301 307053_F04_hpgen5584301 0 0 0 0 1 0 0 0 0 0
307049_E12_hpgen5583941 307049_E12_hpgen5583941 0 0 0 0 1 0 0 0 0 0
307053_B01_hpgen5584273 307053_B01_hpgen5584273 0 0 0 0 1 0 0 0 0 0
307047_A01_hpgen5583652 307047_A01_hpgen5583652 0 0 0 0 1 0 0 0 0 0
307050_E02_hpgen5583957 307050_E02_hpgen5583957 0 0 0 0 1 0 0 0 0 0
307052_A02_hpgen5584159 307052_A02_hpgen5584159 0 0 0 0 1 0 0 0 0 0
307052_C08_hpgen5584233 307052_C08_hpgen5584233 0 0 0 0 1 0 0 0 0 0
307052_E10_hpgen5584251 307052_E10_hpgen5584251 0 0 0 0 1 0 0 0 0 0
307053_C02_hpgen5584282 307053_C02_hpgen5584282 0 0 0 0 1 0 0 0 0 0
307052_F03_hpgen5584178 307052_F03_hpgen5584178 0 0 0 0 1 0 0 0 0 0
307048_E08_hpgen5583809 307048_E08_hpgen5583809 0 0 0 0 1 0 0 0 0 0
307047_F09_hpgen5583721 307047_F09_hpgen5583721 0 0 0 0 1 0 0 0 0 0
307045_E05_hpgen5583491 307045_E05_hpgen5583491 0 0 0 0 1 0 0 0 0 0
307045_C09_hpgen5583522 307045_C09_hpgen5583522 0 0 0 0 1 0 0 0 0 0
307047_E01_hpgen5583656 307047_E01_hpgen5583656 0 0 0 0 1 0 0 0 0 0
307048_B09_hpgen5583814 307048_B09_hpgen5583814 0 0 0 0 1 0 0 0 0 0
307047_C02_hpgen5583662 307047_C02_hpgen5583662 0 0 0 0 1 0 0 0 0 0
307046_B10_hpgen5583628 307046_B10_hpgen5583628 0 0 0 0 1 0 0 0 0 0
307046_E12_hpgen5583648 307046_E12_hpgen5583648 0 0 0 0 0 1 0 0 0 0
307046_E09_hpgen5583623 307046_E09_hpgen5583623 0 0 0 0 0 1 0 0 0 0
307046_G06_hpgen5583601 307046_G06_hpgen5583601 0 0 0 0 0 1 0 0 0 0
307049_C07_hpgen5583898 307049_C07_hpgen5583898 0 0 0 0 0 1 0 0 0 0
307047_F03_hpgen5583673 307047_F03_hpgen5583673 0 0 0 0 0 1 0 0 0 0
307050_F07_hpgen5583998 307050_F07_hpgen5583998 0 0 0 0 0 1 0 0 0 0
307045_D04_hpgen5583482 307045_D04_hpgen5583482 0 0 0 0 0 1 0 0 0 0
307048_E11_hpgen5583833 307048_E11_hpgen5583833 0 0 0 0 0 1 0 0 0 0
307045_A03_hpgen5583470 307045_A03_hpgen5583470 0 0 0 0 0 1 0 0 0 0
307046_A05_hpgen5583587 307046_A05_hpgen5583587 0 0 0 0 0 1 0 0 0 0
307052_H01_hpgen5584158 307052_H01_hpgen5584158 0 0 0 0 0 1 0 0 0 0
307047_E06_hpgen5583696 307047_E06_hpgen5583696 0 0 0 0 0 1 0 0 0 0
307049_D01_hpgen5583850 307049_D01_hpgen5583850 0 0 0 0 0 1 0 0 0 0
307049_B08_hpgen5583905 307049_B08_hpgen5583905 0 0 0 0 0 1 0 0 0 0
307049_C03_hpgen5583865 307049_C03_hpgen5583865 0 0 0 0 0 0 1 0 0 0
307048_C11_hpgen5583831 307048_C11_hpgen5583831 0 0 0 0 0 0 1 0 0 0
307048_D03_hpgen5583768 307048_D03_hpgen5583768 0 0 0 0 0 0 1 0 0 0
307048_F10_hpgen5583826 307048_F10_hpgen5583826 0 0 0 0 0 0 1 0 0 0
307048_F05_hpgen5583786 307048_F05_hpgen5583786 0 0 0 0 0 0 1 0 0 0
307049_B06_hpgen5583889 307049_B06_hpgen5583889 0 0 0 0 0 0 1 0 0 0
307048_D11_hpgen5583832 307048_D11_hpgen5583832 0 0 0 0 0 0 1 0 0 0
307048_D08_hpgen5583808 307048_D08_hpgen5583808 0 0 0 0 0 0 1 0 0 0
307047_H03_hpgen5583675 307047_H03_hpgen5583675 0 0 0 0 0 0 1 0 0 0
307049_B09_hpgen5583913 307049_B09_hpgen5583913 0 0 0 0 0 0 1 0 0 0
307050_F02_hpgen5583958 307050_F02_hpgen5583958 0 0 0 0 0 0 1 0 0 0
307047_E05_hpgen5583688 307047_E05_hpgen5583688 0 0 0 0 0 0 1 0 0 0
307048_C12_hpgen5583841 307048_C12_hpgen5583841 0 0 0 0 0 0 1 0 0 0
307047_H10_hpgen5583731 307047_H10_hpgen5583731 0 0 0 0 0 0 1 0 0 0
307050_D06_hpgen5583988 307050_D06_hpgen5583988 0 0 0 0 0 0 1 0 0 0
307050_A04_hpgen5583969 307050_A04_hpgen5583969 0 0 0 0 0 0 1 0 0 0
307051_C09_hpgen5584109 307051_C09_hpgen5584109 0 0 0 0 0 0 1 0 0 0
307052_A04_hpgen5584184 307052_A04_hpgen5584184 0 0 0 0 0 0 1 0 0 0
307051_F12_hpgen5584139 307051_F12_hpgen5584139 0 0 0 0 0 0 1 0 0 0
307052_B12_hpgen5584265 307052_B12_hpgen5584265 0 0 0 0 0 0 1 0 0 0
307053_H03_hpgen5584295 307053_H03_hpgen5584295 0 0 0 0 0 0 1 0 0 0
307053_D03_hpgen5584291 307053_D03_hpgen5584291 0 0 0 0 0 0 1 0 0 0
307051_D03_hpgen5584062 307051_D03_hpgen5584062 0 0 0 0 0 0 1 0 0 0
307050_B02_hpgen5583954 307050_B02_hpgen5583954 0 0 0 0 0 0 1 0 0 0
307050_F09_hpgen5584014 307050_F09_hpgen5584014 0 0 0 0 0 0 1 0 0 0
307050_B11_hpgen5584026 307050_B11_hpgen5584026 0 0 0 0 0 0 1 0 0 0
307051_F06_hpgen5584088 307051_F06_hpgen5584088 0 0 0 0 0 0 1 0 0 0
307051_F09_hpgen5584112 307051_F09_hpgen5584112 0 0 0 0 0 0 1 0 0 0
307051_G04_hpgen5584073 307051_G04_hpgen5584073 0 0 0 0 0 0 1 0 0 0
307051_H05_hpgen5584082 307051_H05_hpgen5584082 0 0 0 0 0 0 1 0 0 0
307053_C03_hpgen5584290 307053_C03_hpgen5584290 0 0 0 0 0 0 1 0 0 0
307050_E05_hpgen5583981 307050_E05_hpgen5583981 0 0 0 0 0 0 1 0 0 0
307046_H06_hpgen5583602 307046_H06_hpgen5583602 0 0 0 0 0 0 1 0 0 0
307048_A02_hpgen5583757 307048_A02_hpgen5583757 0 0 0 0 0 0 1 0 0 0
307049_D09_hpgen5583915 307049_D09_hpgen5583915 0 0 0 0 0 0 1 0 0 0
307046_H05_hpgen5583594 307046_H05_hpgen5583594 0 0 0 0 0 0 1 0 0 0
307050_D12_hpgen5584037 307050_D12_hpgen5584037 0 0 0 0 0 0 1 0 0 0
307051_C05_hpgen5584077 307051_C05_hpgen5584077 0 0 0 0 0 0 1 0 0 0
307050_C07_hpgen5583995 307050_C07_hpgen5583995 0 0 0 0 0 0 1 0 0 0
307049_D11_hpgen5583931 307049_D11_hpgen5583931 0 0 0 0 0 0 0 1 0 0
307047_G01_hpgen5583658 307047_G01_hpgen5583658 0 0 0 0 0 0 0 1 0 0
307045_G09_hpgen5583526 307045_G09_hpgen5583526 0 0 0 0 0 0 0 1 0 0
307046_F06_hpgen5583600 307046_F06_hpgen5583600 0 0 0 0 0 0 0 1 0 0
307045_B04_hpgen5583480 307045_B04_hpgen5583480 0 0 0 0 0 0 0 1 0 0
307049_C11_hpgen5583930 307049_C11_hpgen5583930 0 0 0 0 0 0 0 1 0 0
307049_H10_hpgen5583927 307049_H10_hpgen5583927 0 0 0 0 0 0 0 1 0 0
307048_A06_hpgen5583789 307048_A06_hpgen5583789 0 0 0 0 0 0 0 1 0 0
307046_F03_hpgen5583576 307046_F03_hpgen5583576 0 0 0 0 0 0 0 1 0 0
307045_D09_hpgen5583523 307045_D09_hpgen5583523 0 0 0 0 0 0 0 1 0 0
307050_G06_hpgen5583991 307050_G06_hpgen5583991 0 0 0 0 0 0 0 1 0 0
307049_H11_hpgen5583936 307049_H11_hpgen5583936 0 0 0 0 0 0 0 1 0 0
307051_C07_hpgen5584093 307051_C07_hpgen5584093 0 0 0 0 0 0 0 1 0 0
307051_G12_hpgen5584142 307051_G12_hpgen5584142 0 0 0 0 0 0 0 1 0 0
307052_G01_hpgen5584154 307052_G01_hpgen5584154 0 0 0 0 0 0 0 1 0 0
307052_C09_hpgen5584241 307052_C09_hpgen5584241 0 0 0 0 0 0 0 1 0 0
307052_F12_hpgen5584269 307052_F12_hpgen5584269 0 0 0 0 0 0 0 1 0 0
307051_E08_hpgen5584103 307051_E08_hpgen5584103 0 0 0 0 0 0 0 1 0 0
307051_E10_hpgen5584119 307051_E10_hpgen5584119 0 0 0 0 0 0 0 1 0 0
307051_A01_hpgen5584042 307051_A01_hpgen5584042 0 0 0 0 0 0 0 1 0 0
307051_H07_hpgen5584098 307051_H07_hpgen5584098 0 0 0 0 0 0 0 1 0 0
307051_B10_hpgen5584116 307051_B10_hpgen5584116 0 0 0 0 0 0 0 1 0 0
307045_D02_hpgen5583465 307045_D02_hpgen5583465 0 0 0 0 0 0 0 1 0 0
307051_B12_hpgen5584135 307051_B12_hpgen5584135 0 0 0 0 0 0 0 1 0 0
307052_F10_hpgen5584252 307052_F10_hpgen5584252 0 0 0 0 0 0 0 1 0 0
307047_D03_hpgen5583671 307047_D03_hpgen5583671 0 0 0 0 0 0 0 1 0 0
307050_H09_hpgen5584016 307050_H09_hpgen5584016 0 0 0 0 0 0 0 1 0 0
307047_F06_hpgen5583697 307047_F06_hpgen5583697 0 0 0 0 0 0 0 1 0 0
307046_B08_hpgen5583612 307046_B08_hpgen5583612 0 0 0 0 0 0 0 1 0 0
307047_H04_hpgen5583683 307047_H04_hpgen5583683 0 0 0 0 0 0 0 1 0 0
307047_F12_hpgen5583746 307047_F12_hpgen5583746 0 0 0 0 0 0 0 1 0 0
307047_G02_hpgen5583666 307047_G02_hpgen5583666 0 0 0 0 0 0 0 1 0 0
307046_F04_hpgen5583584 307046_F04_hpgen5583584 0 0 0 0 0 0 0 1 0 0
307050_H03_hpgen5583968 307050_H03_hpgen5583968 0 0 0 0 0 0 0 1 0 0
307051_D07_hpgen5584094 307051_D07_hpgen5584094 0 0 0 0 0 0 0 1 0 0
307050_A01_hpgen5583945 307050_A01_hpgen5583945 0 0 0 0 0 0 0 1 0 0
307050_B04_hpgen5583970 307050_B04_hpgen5583970 0 0 0 0 0 0 0 1 0 0
307051_C04_hpgen5584069 307051_C04_hpgen5584069 0 0 0 0 0 0 0 1 0 0
307051_C11_hpgen5584126 307051_C11_hpgen5584126 0 0 0 0 0 0 0 1 0 0
307052_B10_hpgen5584248 307052_B10_hpgen5584248 0 0 0 0 0 0 0 1 0 0
307051_H03_hpgen5584066 307051_H03_hpgen5584066 0 0 0 0 0 0 0 1 0 0
307051_A08_hpgen5584099 307051_A08_hpgen5584099 0 0 0 0 0 0 0 1 0 0
307050_E09_hpgen5584013 307050_E09_hpgen5584013 0 0 0 0 0 0 0 1 0 0
307045_E01_hpgen5583458 307045_E01_hpgen5583458 0 0 0 0 0 0 0 1 0 0
307045_C12_hpgen5583547 307045_C12_hpgen5583547 0 0 0 0 0 0 0 1 0 0
307053_A05_hpgen5584304 307053_A05_hpgen5584304 0 0 0 0 0 0 0 1 0 0
307050_G11_hpgen5584032 307050_G11_hpgen5584032 0 0 0 0 0 0 0 1 0 0
307045_D11_hpgen5583540 307045_D11_hpgen5583540 0 0 0 0 0 0 0 0 1 0
307048_H01_hpgen5583756 307048_H01_hpgen5583756 0 0 0 0 0 0 0 0 1 0
307050_H12_hpgen5584041 307050_H12_hpgen5584041 0 0 0 0 0 0 0 0 1 0
307048_D09_hpgen5583816 307048_D09_hpgen5583816 0 0 0 0 0 0 0 0 1 0
307046_B01_hpgen5583555 307046_B01_hpgen5583555 0 0 0 0 0 0 0 0 1 0
307047_E08_hpgen5583712 307047_E08_hpgen5583712 0 0 0 0 0 0 0 0 1 0
307047_G07_hpgen5583706 307047_G07_hpgen5583706 0 0 0 0 0 0 0 0 1 0
307047_A07_hpgen5583700 307047_A07_hpgen5583700 0 0 0 0 0 0 0 0 1 0
307049_F02_hpgen5583860 307049_F02_hpgen5583860 0 0 0 0 0 0 0 0 1 0
307047_A03_hpgen5583668 307047_A03_hpgen5583668 0 0 0 0 0 0 0 0 1 0
307048_F08_hpgen5583810 307048_F08_hpgen5583810 0 0 0 0 0 0 0 0 1 0
307048_G05_hpgen5583787 307048_G05_hpgen5583787 0 0 0 0 0 0 0 0 1 0
307046_C09_hpgen5583621 307046_C09_hpgen5583621 0 0 0 0 0 0 0 0 1 0
307046_C01_hpgen5583557 307046_C01_hpgen5583557 0 0 0 0 0 0 0 0 1 0
307046_A06_hpgen5583595 307046_A06_hpgen5583595 0 0 0 0 0 0 0 0 1 0
307047_H05_hpgen5583691 307047_H05_hpgen5583691 0 0 0 0 0 0 0 0 1 0
307049_F07_hpgen5583901 307049_F07_hpgen5583901 0 0 0 0 0 0 0 0 1 0
307048_H05_hpgen5583788 307048_H05_hpgen5583788 0 0 0 0 0 0 0 0 1 0
307049_G04_hpgen5583877 307049_G04_hpgen5583877 0 0 0 0 0 0 0 0 1 0
307050_F06_hpgen5583990 307050_F06_hpgen5583990 0 0 0 0 0 0 0 0 1 0
307046_D04_hpgen5583582 307046_D04_hpgen5583582 0 0 0 0 0 0 0 0 1 0
307049_G09_hpgen5583918 307049_G09_hpgen5583918 0 0 0 0 0 0 0 0 1 0
307045_F02_hpgen5583467 307045_F02_hpgen5583467 0 0 0 0 0 0 0 0 1 0
307049_B12_hpgen5583938 307049_B12_hpgen5583938 0 0 0 0 0 0 0 0 1 0
307051_D09_hpgen5584110 307051_D09_hpgen5584110 0 0 0 0 0 0 0 0 1 0
307050_E01_hpgen5583949 307050_E01_hpgen5583949 0 0 0 0 0 0 0 0 1 0
307050_G01_hpgen5583951 307050_G01_hpgen5583951 0 0 0 0 0 0 0 0 1 0
307052_C04_hpgen5584186 307052_C04_hpgen5584186 0 0 0 0 0 0 0 0 1 0
307052_A03_hpgen5584170 307052_A03_hpgen5584170 0 0 0 0 0 0 0 0 1 0
307053_H02_hpgen5584287 307053_H02_hpgen5584287 0 0 0 0 0 0 0 0 1 0
307053_C01_hpgen5584274 307053_C01_hpgen5584274 0 0 0 0 0 0 0 0 1 0
307052_E07_hpgen5584227 307052_E07_hpgen5584227 0 0 0 0 0 0 0 0 1 0
307053_D02_hpgen5584283 307053_D02_hpgen5584283 0 0 0 0 0 0 0 0 1 0
307053_D04_hpgen5584299 307053_D04_hpgen5584299 0 0 0 0 0 0 0 0 1 0
307052_G09_hpgen5584245 307052_G09_hpgen5584245 0 0 0 0 0 0 0 0 1 0
307050_H04_hpgen5583976 307050_H04_hpgen5583976 0 0 0 0 0 0 0 0 1 0
307050_G09_hpgen5584015 307050_G09_hpgen5584015 0 0 0 0 0 0 0 0 1 0
307050_D05_hpgen5583980 307050_D05_hpgen5583980 0 0 0 0 0 0 0 0 1 0
307050_G04_hpgen5583975 307050_G04_hpgen5583975 0 0 0 0 0 0 0 0 1 0
307050_D01_hpgen5583948 307050_D01_hpgen5583948 0 0 0 0 0 0 0 0 1 0
307051_A06_hpgen5584083 307051_A06_hpgen5584083 0 0 0 0 0 0 0 0 1 0
307045_E10_hpgen5583532 307045_E10_hpgen5583532 0 0 0 0 0 0 0 0 1 0
307049_D06_hpgen5583891 307049_D06_hpgen5583891 0 0 0 0 0 0 0 0 1 0
307050_E06_hpgen5583989 307050_E06_hpgen5583989 0 0 0 0 0 0 0 0 1 0
307052_B08_hpgen5584232 307052_B08_hpgen5584232 0 0 0 0 0 0 0 0 1 0
307052_B05_hpgen5584199 307052_B05_hpgen5584199 0 0 0 0 0 0 0 0 1 0
307049_D02_hpgen5583858 307049_D02_hpgen5583858 0 0 0 0 0 0 0 0 1 0
307045_H01_hpgen5583461 307045_H01_hpgen5583461 0 0 0 0 0 0 0 0 0 1
307045_G02_hpgen5583468 307045_G02_hpgen5583468 0 0 0 0 0 0 0 0 0 1
307045_H06_hpgen5583502 307045_H06_hpgen5583502 0 0 0 0 0 0 0 0 0 1
307048_B11_hpgen5583830 307048_B11_hpgen5583830 0 0 0 0 0 0 0 0 0 1
307046_C11_hpgen5583637 307046_C11_hpgen5583637 0 0 0 0 0 0 0 0 0 1
307046_H02_hpgen5583570 307046_H02_hpgen5583570 0 0 0 0 0 0 0 0 0 1
307047_B04_hpgen5583677 307047_B04_hpgen5583677 0 0 0 0 0 0 0 0 0 1
307047_D09_hpgen5583719 307047_D09_hpgen5583719 0 0 0 0 0 0 0 0 0 1
307046_B11_hpgen5583636 307046_B11_hpgen5583636 0 0 0 0 0 0 0 0 0 1
307046_D05_hpgen5583590 307046_D05_hpgen5583590 0 0 0 0 0 0 0 0 0 1
307049_C02_hpgen5583857 307049_C02_hpgen5583857 0 0 0 0 0 0 0 0 0 1
307049_F10_hpgen5583925 307049_F10_hpgen5583925 0 0 0 0 0 0 0 0 0 1
307049_E04_hpgen5583875 307049_E04_hpgen5583875 0 0 0 0 0 0 0 0 0 1
307049_H09_hpgen5583919 307049_H09_hpgen5583919 0 0 0 0 0 0 0 0 0 1
307048_C05_hpgen5583783 307048_C05_hpgen5583783 0 0 0 0 0 0 0 0 0 1
307047_A11_hpgen5583732 307047_A11_hpgen5583732 0 0 0 0 0 0 0 0 0 1
307047_E04_hpgen5583680 307047_E04_hpgen5583680 0 0 0 0 0 0 0 0 0 1
307046_A02_hpgen5583563 307046_A02_hpgen5583563 0 0 0 0 0 0 0 0 0 1
307045_C08_hpgen5583513 307045_C08_hpgen5583513 0 0 0 0 0 0 0 0 0 1
307045_G06_hpgen5583501 307045_G06_hpgen5583501 0 0 0 0 0 0 0 0 0 1
307050_F03_hpgen5583966 307050_F03_hpgen5583966 0 0 0 0 0 0 0 0 0 1
307048_C04_hpgen5583775 307048_C04_hpgen5583775 0 0 0 0 0 0 0 0 0 1
307049_A10_hpgen5583920 307049_A10_hpgen5583920 0 0 0 0 0 0 0 0 0 1
307048_G03_hpgen5583771 307048_G03_hpgen5583771 0 0 0 0 0 0 0 0 0 1
307046_H09_hpgen5583626 307046_H09_hpgen5583626 0 0 0 0 0 0 0 0 0 1
307047_F05_hpgen5583689 307047_F05_hpgen5583689 0 0 0 0 0 0 0 0 0 1
307048_E12_hpgen5583843 307048_E12_hpgen5583843 0 0 0 0 0 0 0 0 0 1
307049_A12_hpgen5583937 307049_A12_hpgen5583937 0 0 0 0 0 0 0 0 0 1
307050_C05_hpgen5583979 307050_C05_hpgen5583979 0 0 0 0 0 0 0 0 0 1
307050_B03_hpgen5583962 307050_B03_hpgen5583962 0 0 0 0 0 0 0 0 0 1
307050_E03_hpgen5583965 307050_E03_hpgen5583965 0 0 0 0 0 0 0 0 0 1
307050_E08_hpgen5584005 307050_E08_hpgen5584005 0 0 0 0 0 0 0 0 0 1
307052_C06_hpgen5584214 307052_C06_hpgen5584214 0 0 0 0 0 0 0 0 0 1
307052_H03_hpgen5584183 307052_H03_hpgen5584183 0 0 0 0 0 0 0 0 0 1
307052_D01_hpgen5584151 307052_D01_hpgen5584151 0 0 0 0 0 0 0 0 0 1
307052_D06_hpgen5584215 307052_D06_hpgen5584215 0 0 0 0 0 0 0 0 0 1
307051_E11_hpgen5584128 307051_E11_hpgen5584128 0 0 0 0 0 0 0 0 0 1
307052_E03_hpgen5584177 307052_E03_hpgen5584177 0 0 0 0 0 0 0 0 0 1
307052_G12_hpgen5584270 307052_G12_hpgen5584270 0 0 0 0 0 0 0 0 0 1
307053_C05_hpgen5584306 307053_C05_hpgen5584306 0 0 0 0 0 0 0 0 0 1
307052_B07_hpgen5584224 307052_B07_hpgen5584224 0 0 0 0 0 0 0 0 0 1
307053_C06_hpgen5584315 307053_C06_hpgen5584315 0 0 0 0 0 0 0 0 0 1
307053_E04_hpgen5584300 307053_E04_hpgen5584300 0 0 0 0 0 0 0 0 0 1
307053_D09_hpgen5584342 307053_D09_hpgen5584342 0 0 0 0 0 0 0 0 0 1
307053_A03_hpgen5584288 307053_A03_hpgen5584288 0 0 0 0 0 0 0 0 0 1
307053_H05_hpgen5584312 307053_H05_hpgen5584312 0 0 0 0 0 0 0 0 0 1
307050_B09_hpgen5584010 307050_B09_hpgen5584010 0 0 0 0 0 0 0 0 0 1
307050_E04_hpgen5583973 307050_E04_hpgen5583973 0 0 0 0 0 0 0 0 0 1
307051_G05_hpgen5584081 307051_G05_hpgen5584081 0 0 0 0 0 0 0 0 0 1
307051_H10_hpgen5584122 307051_H10_hpgen5584122 0 0 0 0 0 0 0 0 0 1
307050_A03_hpgen5583961 307050_A03_hpgen5583961 0 0 0 0 0 0 0 0 0 1
307045_B05_hpgen5583488 307045_B05_hpgen5583488 0 0 0 0 0 0 0 0 0 1
307051_F05_hpgen5584080 307051_F05_hpgen5584080 0 0 0 0 0 0 0 0 0 1
307046_F12_hpgen5583649 307046_F12_hpgen5583649 0 0 0 0 0 0 0 0 0 1
307051_C08_hpgen5584101 307051_C08_hpgen5584101 0 0 0 0 0 0 0 0 0 1
